1183501340 1 0 0 0 0 0
1183549919 2 0 0 0 0 0
1183587432 3 0 0 0 0 0
1183634758 4 0 0 0 0 0
1183650066 5 0 0 0 0 0
1183654163 6 0 0 0 0 0
1183663407 7 0 0 0 0 0
1183664488 8 0 0 0 0 0
1183720424 9 0 0 0 0 0
1183721297 10 0 0 0 0 0
1183728889 11 0 0 0 0 0
1183810601 12 0 0 0 0 0
1183811142 13 0 0 0 0 0
1183945190 14 0 0 0 0 0
1183946501 15 0 0 0 0 0
1184193508 16 0 0 0 0 0
1184199196 17 0 0 0 0 0
1184339850 18 0 0 0 0 0
1184428968 19 0 0 0 0 0
1184429458 20 0 0 0 0 0
1184430216 21 0 0 0 0 0
1184431745 22 0 0 0 0 0
1184767328 23 0 0 0 0 0
1184845524 24 0 0 0 0 0
1184847904 25 0 0 0 0 0
1185536907 26 0 0 0 0 0
1185583166 27 0 0 0 0 0
1185584902 28 0 0 0 0 0
1187878819 29 0 0 0 0 0
1187880619 30 0 0 0 0 0
1187884995 31 0 0 0 0 0
1187888390 32 0 0 0 0 0
1187957326 33 0 0 0 0 0
1187997850 34 0 0 0 0 0
1188000240 35 0 0 0 0 0
1188040909 36 0 0 0 0 0
1188084618 37 0 0 0 0 0
1188113649 38 0 0 0 0 0
1188161679 39 0 0 0 0 0
1188339013 40 0 0 0 0 0
1188387918 41 0 0 0 0 0
1188389447 42 0 0 0 0 0
1188398415 43 0 0 0 0 0
1188423116 44 0 0 0 0 0
1188559794 45 0 0 0 0 0
1188747945 46 0 0 0 0 0
1188999047 47 0 0 0 0 0
1189556820 48 0 0 0 0 0
1189557450 49 0 0 0 0 0
1189687930 50 0 0 0 0 0
1189719478 51 0 0 0 0 0
1189730380 52 0 0 0 0 0
1189777541 53 0 0 0 0 0
1189849950 54 0 0 0 0 0
1190004436 55 0 0 0 0 0
1190122631 56 0 0 0 0 0
1190132099 57 0 0 0 0 0
1190418213 58 0 0 0 0 0
1190466551 59 0 0 0 0 0
1190466666 60 0 0 0 0 0
1190471000 61 0 0 0 0 0
1190490323 62 0 0 0 0 0
1190804717 63 0 0 0 0 0
1190806213 64 0 0 0 0 0
1190904812 65 0 0 0 0 0
1190909358 66 0 0 0 0 0
1190911564 67 0 0 0 0 0
1190914347 68 0 0 0 0 0
1190946812 69 0 0 0 0 0
1190952584 70 0 0 0 0 0
1190953743 71 0 0 0 0 0
1191018660 72 0 0 0 0 0
1191069979 73 0 0 0 0 0
1191197970 74 0 0 0 0 0
1191204621 75 0 0 0 0 0
1191270938 76 0 0 0 0 0
1191280631 77 0 0 0 0 0
1191345243 78 0 0 0 0 0
1191349660 79 0 0 0 0 0
1191439700 80 0 0 0 0 0
1191543166 81 0 0 0 0 0
1191969745 82 0 0 0 0 0
1191972614 83 0 0 0 0 0
1192029281 84 0 0 0 0 0
1192062882 85 0 0 0 0 0
1192106999 86 0 0 0 0 0
1192135870 87 0 0 0 0 0
1192321656 88 0 0 0 0 0
1192368082 89 0 0 0 0 0
1192368668 90 0 0 0 0 0
1192375231 91 0 0 0 0 0
1192383245 92 0 0 0 0 0
1192383438 93 0 0 0 0 0
1192392614 94 0 0 0 0 0
1192435848 95 0 0 0 0 0
1192456469 96 0 0 0 0 0
1192472391 97 0 0 0 0 0
1192487716 98 0 0 0 0 0
1192488067 99 0 0 0 0 0
1192495514 100 0 0 0 0 0
1192497117 101 0 0 0 0 0
1192559552 102 0 0 0 0 0
1192577116 103 0 0 0 0 0
1192623758 104 0 0 0 0 0
1192671403 105 0 0 0 0 0
1193264752 106 0 0 0 0 0
1193270655 107 0 0 0 0 0
1193888337 108 0 0 0 0 0
1193959463 109 0 0 0 0 0
1193961052 110 0 0 0 0 0
1194118492 111 0 0 0 0 0
1194309808 112 0 0 0 0 0
1194352340 113 0 0 0 0 0
1194567014 114 0 0 0 0 0
1194665758 115 0 0 0 0 0
1194891706 116 0 0 0 0 0
1195246341 117 0 0 0 0 0
1195595518 118 0 0 0 0 0
1195836736 119 0 0 0 0 0
1195996467 120 0 0 0 0 0
1196033933 121 0 0 0 0 0
1196386944 121 0 0 0 1 0
1196569055 122 0 0 0 1 0
1196813773 123 0 0 0 1 0
1196824433 124 0 0 0 1 0
1196825672 125 0 0 0 1 0
1196844089 126 0 0 0 1 0
1196885536 127 0 0 0 1 0
1196890714 127 1 0 0 1 0
1196892953 127 2 0 0 1 0
1196907329 128 2 0 0 1 0
1196921360 129 2 0 0 1 0
1197456727 130 2 0 0 1 0
1197498617 131 2 0 0 1 0
1197559186 131 3 0 0 1 0
1197601176 132 3 0 0 1 0
1197610824 133 3 0 0 1 0
1197612683 134 3 0 0 1 0
1197698635 135 3 0 0 1 0
1197746785 135 4 0 0 1 0
1197747171 135 5 0 0 1 0
1197755628 136 5 0 0 1 0
1197821403 137 5 0 0 1 0
1197991073 138 5 0 0 1 0
1197991266 139 5 0 0 1 0
1198038650 140 5 0 0 1 0
1198040262 141 5 0 0 1 0
1198041677 142 5 0 0 1 0
1198331292 143 5 0 0 1 0
1198351545 144 5 0 0 1 0
1198492183 144 6 0 0 1 0
1198492817 144 7 0 0 1 0
1198888456 144 8 0 0 1 0
1199435442 144 9 0 0 1 0
1199501680 145 9 0 0 1 0
1199714311 145 10 0 0 1 0
1199723281 145 11 0 0 1 0
1199724131 145 12 0 0 1 0
1199771551 145 13 0 0 1 0
1199798505 145 14 0 0 1 0
1199833849 146 14 0 0 1 0
1199866629 146 15 0 0 1 0
1199887441 146 16 0 0 1 0
1199951539 146 17 0 0 1 0
1200040734 146 18 0 0 1 0
1200194779 147 18 0 0 1 0
1200198130 148 18 0 0 1 0
1200238816 149 18 0 0 1 0
1200329373 149 19 0 0 1 0
1200342069 150 19 0 0 1 0
1200389835 150 20 0 0 1 0
1200617775 151 20 0 0 1 0
1200625196 152 20 0 0 1 0
1200668841 153 20 0 0 1 0
1200709924 154 20 0 0 1 0
1200712735 155 20 0 0 1 0
1200713507 156 20 0 0 1 0
1200772095 157 20 0 0 1 0
1200772292 158 20 0 0 1 0
1200776000 158 21 0 0 1 0
1200791868 159 21 0 0 1 0
1200947574 159 22 0 0 1 0
1200950052 160 22 0 0 1 0
1200959261 161 22 0 0 1 0
1200989139 161 23 0 0 1 0
1200990722 161 24 0 0 1 0
1201031769 162 24 0 0 1 0
1201034827 163 24 0 0 1 0
1201119458 164 24 0 0 1 0
1201181279 164 25 0 0 1 0
1201336256 164 26 0 0 1 0
1201336919 164 27 0 0 1 0
1201337519 164 28 0 0 1 0
1201337674 164 29 0 0 1 0
1201337837 164 30 0 0 1 0
1201339235 164 31 0 0 1 0
1201371194 164 32 0 0 1 0
1201407781 165 32 0 0 1 0
1201446233 166 32 0 0 1 0
1201457166 167 32 0 0 1 0
1201460845 168 32 0 0 1 0
1201491675 169 32 0 0 1 0
1201525071 169 33 0 0 1 0
1201536378 170 33 0 0 1 0
1201720679 170 34 0 0 1 0
1201723126 171 34 0 0 1 0
1202083680 172 34 0 0 1 0
1202152824 173 34 0 0 1 0
1202152939 174 34 0 0 1 0
1202330244 174 35 0 0 1 0
1202330552 174 36 0 0 1 0
1202342098 175 36 0 0 1 0
1202561598 176 36 0 0 1 0
1202593228 177 36 0 0 1 0
1202599990 178 36 0 0 1 0
1202873551 179 36 0 0 1 0
1202874178 180 36 0 0 1 0
1202964583 181 36 0 0 1 0
1203024450 182 36 0 0 1 0
1203119303 183 36 0 0 1 0
1203120008 184 36 0 0 1 0
1203448477 185 36 0 0 1 0
1203461236 186 36 0 0 1 0
1203462204 187 36 0 0 1 0
1203616953 188 36 0 0 1 0
1203619253 189 36 0 0 1 0
1203621381 190 36 0 0 1 0
1203623602 191 36 0 0 1 0
1203698592 192 36 0 0 1 0
1203699831 193 36 0 0 1 0
1203961442 194 36 0 0 1 0
1203962328 195 36 0 0 1 0
1203983595 196 36 0 0 1 0
1204018624 197 36 0 0 1 0
1204040540 198 36 0 0 1 0
1204040944 199 36 0 0 1 0
1204056254 200 36 0 0 1 0
1204079740 201 36 0 0 1 0
1204114704 202 36 0 0 1 0
1204503557 203 36 0 0 1 0
1204566997 204 36 0 0 1 0
1204900173 205 36 0 0 1 0
1204901449 206 36 0 0 1 0
1205327673 207 36 0 0 1 0
1205796459 208 36 0 0 1 0
1205797029 209 36 0 0 1 0
1205887662 210 36 0 0 1 0
1206497390 211 36 0 0 1 0
1206538816 212 36 0 0 1 0
1206728363 213 36 0 0 1 0
1206746923 214 36 0 0 1 0
1206749406 215 36 0 0 1 0
1206752755 216 36 0 0 1 0
1206800765 217 36 0 0 1 0
1206971174 218 36 0 0 1 0
1206985253 219 36 0 0 1 0
1207145406 220 36 0 0 1 0
1207844144 221 36 0 0 1 0
1207873487 222 36 0 0 1 0
1208376146 222 37 0 0 1 0
1208907868 223 37 0 0 1 0
1208992824 224 37 0 0 1 0
1210025917 225 37 0 0 1 0
1210188201 226 37 0 0 1 0
1210211224 227 37 0 0 1 0
1210591961 228 37 0 0 1 0
1210615016 229 37 0 0 1 0
1210713993 230 37 0 0 1 0
1211210789 230 38 0 0 1 0
1211337415 231 38 0 0 1 0
1211337599 232 38 0 0 1 0
1211342050 233 38 0 0 1 0
1212010831 234 38 0 0 1 0
1213138650 235 38 0 0 1 0
1213139154 236 38 0 0 1 0
1213150629 237 38 0 0 1 0
1213230144 238 38 0 0 1 0
1213362441 239 38 0 0 1 0
1214151318 240 38 0 0 1 0
1214222524 241 38 0 0 1 0
1214256020 242 38 0 0 1 0
1215813049 243 38 0 0 1 0
1215823288 244 38 0 0 1 0
1216301949 244 39 0 0 1 0
1216708449 245 39 0 0 1 0
1216853894 246 39 0 0 1 0
1216920826 247 39 0 0 1 0
1217350264 248 39 0 0 1 0
1217805473 249 39 0 0 1 0
1217810087 250 39 0 0 1 0
1217857895 251 39 0 0 1 0
1219794128 252 39 0 0 1 0
1219797387 253 39 0 0 1 0
1219799421 254 39 0 0 1 0
1219800049 255 39 0 0 1 0
1219813143 256 39 0 0 1 0
1219970346 257 39 0 0 1 0
1220180104 257 40 0 0 1 0
1220390512 258 40 0 0 1 0
1220391775 259 40 0 0 1 0
1220477351 260 40 0 0 1 0
1220478600 261 40 0 0 1 0
1220553423 261 41 0 0 1 0
1220553935 261 42 0 0 1 0
1220558678 261 43 0 0 1 0
1220612309 262 43 0 0 1 0
1220737792 263 43 0 0 1 0
1220755938 264 43 0 0 1 0
1220767794 265 43 0 0 1 0
1220966753 265 44 0 0 1 0
1220984999 265 45 0 0 1 0
1220994958 265 46 0 0 1 0
1221002467 266 46 0 0 1 0
1221086178 267 46 0 0 1 0
1221229941 268 46 0 0 1 0
1221512917 268 47 0 0 1 0
1221513033 268 48 0 0 1 0
1221585699 269 48 0 0 1 0
1221601811 270 48 0 0 1 0
1221687349 270 48 0 0 2 0
1221704009 271 48 0 0 2 0
1221821770 271 49 0 0 2 0
1221822317 272 49 0 0 2 0
1221825085 273 49 0 0 2 0
1221825414 273 50 0 0 2 0
1222092626 273 51 0 0 2 0
1222116846 273 52 0 0 2 0
1222155443 273 53 0 0 2 0
1222180022 274 53 0 0 2 0
1222184393 274 54 0 0 2 0
1222196163 274 55 0 0 2 0
1222242152 274 56 0 0 2 0
1222243109 274 57 0 0 2 0
1222243189 274 58 0 0 2 0
1222254516 274 59 0 0 2 0
1222267525 274 60 0 0 2 0
1222311605 275 60 0 0 2 0
1222317608 276 60 0 0 2 0
1222350744 277 60 0 0 2 0
1222363943 278 60 0 0 2 0
1222382913 279 60 0 0 2 0
1222395219 280 60 0 0 2 0
1222414079 280 61 0 0 2 0
1222466640 281 61 0 0 2 0
1222860655 282 61 0 0 2 0
1222943940 282 62 0 0 2 0
1222994783 283 62 0 0 2 0
1223032458 284 62 0 0 2 0
1223051353 285 62 0 0 2 0
1223284138 285 63 0 0 2 0
1223284376 285 64 0 0 2 0
1223369708 285 65 0 0 2 0
1223378254 285 66 0 0 2 0
1223390551 285 67 0 0 2 0
1223397385 286 67 0 0 2 0
1223504309 287 67 0 0 2 0
1223575452 287 68 0 0 2 0
1223580022 287 69 0 0 2 0
1223656893 288 69 0 0 2 0
1223863095 289 69 0 0 2 0
1223957053 290 69 0 0 2 0
1224002646 291 69 0 0 2 0
1224070357 292 69 0 0 2 0
1224528858 292 69 1 0 2 0
1224530090 292 69 2 0 2 0
1224625747 292 70 2 0 2 0
1224943190 293 70 2 0 2 0
1225049524 293 70 3 0 2 0
1225054360 293 70 4 0 2 0
1225062799 294 70 4 0 2 0
1225064456 294 70 5 0 2 0
1225074542 295 70 5 0 2 0
1225154727 296 70 5 0 2 0
1225155131 297 70 5 0 2 0
1225158176 298 70 5 0 2 0
1225161567 299 70 5 0 2 0
1225186871 299 70 6 0 2 0
1225198871 300 70 6 0 2 0
1225809358 300 71 6 0 2 0
1225810280 300 72 6 0 2 0
1225815098 300 73 6 0 2 0
1225817622 300 74 6 0 2 0
1225828412 301 74 6 0 2 0
1225833453 302 74 6 0 2 0
1225834827 303 74 6 0 2 0
1225844916 304 74 6 0 2 0
1226043632 304 75 6 0 2 0
1226089459 305 75 6 0 2 0
1226946515 305 76 6 0 2 0
1227150157 306 76 6 0 2 0
1227720069 306 77 6 0 2 0
1227732730 306 78 6 0 2 0
1227732984 306 79 6 0 2 0
1227906323 307 79 6 0 2 0
1227923793 308 79 6 0 2 0
1228481750 309 79 6 0 2 0
1228488838 310 79 6 0 2 0
1229185686 311 79 6 0 2 0
1229187164 312 79 6 0 2 0
1229300735 313 79 6 0 2 0
1229365316 314 79 6 0 2 0
1229394374 315 79 6 0 2 0
1229424184 316 79 6 0 2 0
1229476528 317 79 6 0 2 0
1229480810 318 79 6 0 2 0
1229639447 319 79 6 0 2 0
1229647134 320 79 6 0 2 0
1229747676 321 79 6 0 2 0
1229793169 322 79 6 0 2 0
1229884785 323 79 6 0 2 0
1229897591 324 79 6 0 2 0
1231015102 325 79 6 0 2 0
1231097087 326 79 6 0 2 0
1231190393 327 79 6 0 2 0
1231362178 328 79 6 0 2 0
1231373112 329 79 6 0 2 0
1231532782 330 79 6 0 2 0
1231610478 331 79 6 0 2 0
1231620332 332 79 6 0 2 0
1231725503 333 79 6 0 2 0
1231839770 333 80 6 0 2 0
1231839881 333 81 6 0 2 0
1231841166 333 82 6 0 2 0
1231842783 333 83 6 0 2 0
1231862452 334 83 6 0 2 0
1231870405 334 84 6 0 2 0
1231872398 335 84 6 0 2 0
1231891235 335 85 6 0 2 0
1231923960 335 86 6 0 2 0
1232077813 336 86 6 0 2 0
1232087125 337 86 6 0 2 0
1232125892 338 86 6 0 2 0
1232126199 339 86 6 0 2 0
1232246405 340 86 6 0 2 0
1232310628 341 86 6 0 2 0
1232329502 342 86 6 0 2 0
1232331425 343 86 6 0 2 0
1232410166 344 86 6 0 2 0
1232413328 344 87 6 0 2 0
1232416293 344 88 6 0 2 0
1232462380 345 88 6 0 2 0
1232465776 346 88 6 0 2 0
1232468778 346 89 6 0 2 0
1232476657 347 89 6 0 2 0
1232492745 348 89 6 0 2 0
1232508685 349 89 6 0 2 0
1232526741 349 90 6 0 2 0
1232571357 349 91 6 0 2 0
1232587795 350 91 6 0 2 0
1232599438 351 91 6 0 2 0
1232681084 352 91 6 0 2 0
1232685479 353 91 6 0 2 0
1232695169 354 91 6 0 2 0
1232734720 355 91 6 0 2 0
1232803528 355 92 6 0 2 0
1232813921 355 93 6 0 2 0
1232911382 356 93 6 0 2 0
1232925648 357 93 6 0 2 0
1232948866 358 93 6 0 2 0
1232958673 358 94 6 0 2 0
1233122827 358 95 6 0 2 0
1233180474 359 95 6 0 2 0
1233246637 360 95 6 0 2 0
1233358481 360 95 7 0 2 0
1233467063 361 95 7 0 2 0
1233537019 362 95 7 0 2 0
1233543410 363 95 7 0 2 0
1233584500 364 95 7 0 2 0
1234149657 365 95 7 0 2 0
1234822463 366 95 7 0 2 0
1234997968 367 95 7 0 2 0
1235158307 368 95 7 0 2 0
1235261330 369 95 7 0 2 0
1235326188 370 95 7 0 2 0
1235362640 371 95 7 0 2 0
1235417946 372 95 7 0 2 0
1235936627 373 95 7 0 2 0
1236083013 374 95 7 0 2 0
1236083149 375 95 7 0 2 0
1236359221 376 95 7 0 2 0
1236802772 377 95 7 0 2 0
1236986284 378 95 7 0 2 0
1237042180 379 95 7 0 2 0
1237046025 380 95 7 0 2 0
1237175170 381 95 7 0 2 0
1237216220 382 95 7 0 2 0
1237318151 382 95 8 0 2 0
1237332453 383 95 8 0 2 0
1237553651 384 95 8 0 2 0
1237749108 385 95 8 0 2 0
1237753945 386 95 8 0 2 0
1237866614 387 95 8 0 2 0
1238082728 388 95 8 0 2 0
1238172079 389 95 8 0 2 0
1238469109 390 95 8 0 2 0
1238632006 391 95 8 0 2 0
1238714376 392 95 8 0 2 0
1239197870 393 95 8 0 2 0
1239201806 393 96 8 0 2 0
1239204322 393 97 8 0 2 0
1239269394 394 97 8 0 2 0
1239313480 395 97 8 0 2 0
1239370045 396 97 8 0 2 0
1239747405 397 97 8 0 2 0
1239761176 398 97 8 0 2 0
1240185402 399 97 8 0 2 0
1240235071 399 98 8 0 2 0
1240339437 399 99 8 0 2 0
1240362347 400 99 8 0 2 0
1240431909 401 99 8 0 2 0
1240441243 402 99 8 0 2 0
1240450548 403 99 8 0 2 0
1240477387 404 99 8 0 2 0
1240496959 404 100 8 0 2 0
1240511682 405 100 8 0 2 0
1240712980 406 100 8 0 2 0
1240713647 407 100 8 0 2 0
1240857911 408 100 8 0 2 0
1240933612 408 101 8 0 2 0
1240938570 408 101 9 0 2 0
1240957546 408 102 9 0 2 0
1241800737 409 102 9 0 2 0
1241825968 410 102 9 0 2 0
1241972618 410 102 10 0 2 0
1241977882 411 102 10 0 2 0
1242432478 412 102 10 0 2 0
1242494294 413 102 10 0 2 0
1242603329 414 102 10 0 2 0
1242673222 415 102 10 0 2 0
1242696925 416 102 10 0 2 0
1243032142 416 102 11 0 2 0
1244231868 416 102 11 1 2 0
1244588826 417 102 11 1 2 0
1244594865 418 102 11 1 2 0
1244733711 419 102 11 1 2 0
1244779054 420 102 11 1 2 0
1244803574 421 102 11 1 2 0
1245059523 421 102 11 2 2 0
1245568626 421 102 11 3 2 0
1245702876 422 102 11 3 2 0
1245709051 423 102 11 3 2 0
1245970197 424 102 11 3 2 0
1246047432 425 102 11 3 2 0
1246056118 426 102 11 3 2 0
1246061778 427 102 11 3 2 0
1246069839 428 102 11 3 2 0
1246073388 429 102 11 3 2 0
1246499327 430 102 11 3 2 0
1246499529 431 102 11 3 2 0
1246540257 432 102 11 3 2 0
1246542811 433 102 11 3 2 0
1246973380 434 102 11 3 2 0
1247014371 435 102 11 3 2 0
1247075607 436 102 11 3 2 0
1247086357 437 102 11 3 2 0
1247094157 438 102 11 3 2 0
1248128970 439 102 11 3 2 0
1248356947 439 103 11 3 2 0
1248408711 440 103 11 3 2 0
1248433959 441 103 11 3 2 0
1248442072 442 103 11 3 2 0
1249247307 443 103 11 3 2 0
1249254446 444 103 11 3 2 0
1249254744 445 103 11 3 2 0
1249255611 446 103 11 3 2 0
1249258430 447 103 11 3 2 0
1249265520 448 103 11 3 2 0
1249266780 449 103 11 3 2 0
1249406294 450 103 11 3 2 0
1250901417 451 103 11 3 2 0
1250903989 452 103 11 3 2 0
1250905268 453 103 11 3 2 0
1250944033 454 103 11 3 2 0
1250944624 455 103 11 3 2 0
1251746204 456 103 11 3 2 0
1252961550 456 103 12 3 2 0
1252968935 457 103 12 3 2 0
1253199704 458 103 12 3 2 0
1253854253 459 103 12 3 2 0
1253883540 459 104 12 3 2 0
1254070117 459 105 12 3 2 0
1254269391 460 105 12 3 2 0
1254501278 461 105 12 3 2 0
1254501718 462 105 12 3 2 0
1255119387 463 105 12 3 2 0
1255128146 463 105 13 3 2 0
1255142610 463 105 13 3 3 0
1255154110 463 105 13 3 4 0
1255292276 464 105 13 3 4 0
1255560530 465 105 13 3 4 0
1255562946 466 105 13 3 4 0
1255564371 467 105 13 3 4 0
1255567674 468 105 13 3 4 0
1255644274 469 105 13 3 4 0
1255896596 470 105 13 3 4 0
1256058717 471 105 13 3 4 0
1256059400 471 106 13 3 4 0
1256059929 471 107 13 3 4 0
1256060504 472 107 13 3 4 0
1256064921 473 107 13 3 4 0
1256068192 474 107 13 3 4 0
1256068491 475 107 13 3 4 0
1256072270 476 107 13 3 4 0
1256073453 477 107 13 3 4 0
1256075544 478 107 13 3 4 0
1256102606 478 107 14 3 4 0
1256139939 478 107 15 3 4 0
1256145527 479 107 15 3 4 0
1256170728 480 107 15 3 4 0
1256171069 481 107 15 3 4 0
1256396681 482 107 15 3 4 0
1256509526 483 107 15 3 4 0
1256531862 484 107 15 3 4 0
1256597327 485 107 15 3 4 0
1256611468 486 107 15 3 4 0
1256676120 487 107 15 3 4 0
1256676222 488 107 15 3 4 0
1256755665 488 108 15 3 4 0
1256755755 488 109 15 3 4 0
1256771763 489 109 15 3 4 0
1256862192 490 109 15 3 4 0
1256904650 491 109 15 3 4 0
1257031519 491 109 15 4 4 0
1257075077 491 109 15 5 4 0
1257113409 492 109 15 5 4 0
1257113790 493 109 15 5 4 0
1257115422 494 109 15 5 4 0
1257188213 494 110 15 5 4 0
1257345810 495 110 15 5 4 0
1257378419 496 110 15 5 4 0
1257379197 497 110 15 5 4 0
1257388447 498 110 15 5 4 0
1257425215 499 110 15 5 4 0
1257456865 499 110 15 5 5 0
1257459893 499 110 15 5 6 0
1257541022 500 110 15 5 6 0
1258081531 501 110 15 5 6 0
1258337690 502 110 15 5 6 0
1258945180 503 110 15 5 6 0
1258985198 503 111 15 5 6 0
1259059591 503 112 15 5 6 0
1259193273 504 112 15 5 6 0
1259237635 505 112 15 5 6 0
1259237862 506 112 15 5 6 0
1259274373 507 112 15 5 6 0
1259287578 508 112 15 5 6 0
1259415344 509 112 15 5 6 0
1259433377 510 112 15 5 6 0
1259449141 511 112 15 5 6 0
1259453500 512 112 15 5 6 0
1259488234 512 113 15 5 6 0
1259892172 513 113 15 5 6 0
1259971883 514 113 15 5 6 0
1260042886 515 113 15 5 6 0
1260131467 516 113 15 5 6 0
1260192930 517 113 15 5 6 0
1260334140 518 113 15 5 6 0
1260649929 519 113 15 5 6 0
1261159100 520 113 15 5 6 0
1261270532 521 113 15 5 6 0
1261348352 522 113 15 5 6 0
1261348454 523 113 15 5 6 0
1262733436 523 114 15 5 6 0
1262758361 523 115 15 5 6 0
1262982894 524 115 15 5 6 0
1262984844 525 115 15 5 6 0
1263071506 526 115 15 5 6 0
1263230066 526 116 15 5 6 0
1263238580 526 117 15 5 6 0
1263241898 526 118 15 5 6 0
1263324766 527 118 15 5 6 0
1263331574 527 119 15 5 6 0
1263332410 527 120 15 5 6 0
1263333513 527 121 15 5 6 0
1263333977 527 122 15 5 6 0
1263337336 527 123 15 5 6 0
1263337554 527 124 15 5 6 0
1263514799 528 124 15 5 6 0
1263514979 529 124 15 5 6 0
1263520650 530 124 15 5 6 0
1263580642 531 124 15 5 6 0
1263658750 532 124 15 5 6 0
1264267435 533 124 15 5 6 0
1264363649 534 124 15 5 6 0
1264386235 535 124 15 5 6 0
1264468120 536 124 15 5 6 0
1264559150 537 124 15 5 6 0
1264619955 538 124 15 5 6 0
1264638262 539 124 15 5 6 0
1264717303 540 124 15 5 6 0
1264717873 541 124 15 5 6 0
1264773876 541 125 15 5 6 0
1264773994 541 126 15 5 6 0
1264840309 541 127 15 5 6 0
1264888031 541 128 15 5 6 0
1264956290 542 128 15 5 6 0
1265200888 543 128 15 5 6 0
1265253145 544 128 15 5 6 0
1265254479 545 128 15 5 6 0
1265327263 546 128 15 5 6 0
1265402059 546 129 15 5 6 0
1265530998 546 130 15 5 6 0
1265537107 546 131 15 5 6 0
1265540449 546 132 15 5 6 0
1265541038 546 133 15 5 6 0
1265554290 547 133 15 5 6 0
1265556141 548 133 15 5 6 0
1265556405 549 133 15 5 6 0
1265593036 550 133 15 5 6 0
1265593298 551 133 15 5 6 0
1265600237 552 133 15 5 6 0
1265611508 552 134 15 5 6 0
1265621936 552 135 15 5 6 0
1265637190 552 136 15 5 6 0
1265637794 552 137 15 5 6 0
1265637970 552 138 15 5 6 0
1265816392 552 139 15 5 6 0
1266156960 553 139 15 5 6 0
1266170438 554 139 15 5 6 0
1266202269 555 139 15 5 6 0
1266243118 556 139 15 5 6 0
1266249703 557 139 15 5 6 0
1266281145 558 139 15 5 6 0
1266281756 559 139 15 5 6 0
1266410145 560 139 15 5 6 0
1266428573 561 139 15 5 6 0
1266451207 562 139 15 5 6 0
1266451379 563 139 15 5 6 0
1266451774 564 139 15 5 6 0
1266452132 565 139 15 5 6 0
1266528478 565 140 15 5 6 0
1266529095 565 141 15 5 6 0
1266677323 566 141 15 5 6 0
1266678354 567 141 15 5 6 0
1266694051 568 141 15 5 6 0
1266700294 568 141 16 5 6 0
1266951057 569 141 16 5 6 0
1267205571 569 142 16 5 6 0
1268271608 570 142 16 5 6 0
1268483296 570 143 16 5 6 0
1268485216 570 144 16 5 6 0
1268488989 570 145 16 5 6 0
1268500608 570 146 16 5 6 0
1268505365 570 147 16 5 6 0
1268522969 570 148 16 5 6 0
1268527176 570 149 16 5 6 0
1268775913 571 149 16 5 6 0
1268783712 571 149 17 5 6 0
1268859141 571 149 18 5 6 0
1269056344 572 149 18 5 6 0
1269132264 573 149 18 5 6 0
1269205932 574 149 18 5 6 0
1269210723 575 149 18 5 6 0
1269211946 576 149 18 5 6 0
1269223667 577 149 18 5 6 0
1269227013 578 149 18 5 6 0
1269389303 579 149 18 5 6 0
1269434539 580 149 18 5 6 0
1269658413 581 149 18 5 6 0
1269694798 582 149 18 5 6 0
1269963532 582 150 18 5 6 0
1269987491 583 150 18 5 6 0
1270596861 584 150 18 5 6 0
1270599486 585 150 18 5 6 0
1270744370 585 151 18 5 6 0
1270997046 585 152 18 5 6 0
1272463808 585 153 18 5 6 0
1275322828 586 153 18 5 6 0
1275394318 586 154 18 5 6 0
1275394385 586 155 18 5 6 0
1275665824 587 155 18 5 6 0
1276083084 588 155 18 5 6 0
1276246819 588 156 18 5 6 0
1276707671 588 157 18 5 6 0
1276709555 588 158 18 5 6 0
1276769777 589 158 18 5 6 0
1276785788 590 158 18 5 6 0
1276791763 591 158 18 5 6 0
1276952011 592 158 18 5 6 0
1276952274 593 158 18 5 6 0
1277036791 593 158 19 5 6 0
1277133430 594 158 19 5 6 0
1277137455 595 158 19 5 6 0
1277138020 596 158 19 5 6 0
1277143006 597 158 19 5 6 0
1277311496 598 158 19 5 6 0
1277321478 599 158 19 5 6 0
1277479954 600 158 19 5 6 0
1277487190 601 158 19 5 6 0
1277837093 601 159 19 5 6 0
1277837228 601 160 19 5 6 0
1277915209 602 160 19 5 6 0
1278014269 603 160 19 5 6 0
1278522439 603 161 19 5 6 0
1278591415 604 161 19 5 6 0
1278592853 605 161 19 5 6 0
1278620093 605 162 19 5 6 0
1278670460 605 163 19 5 6 0
1279559706 606 163 19 5 6 0
1279599192 606 163 20 5 6 0
1279655620 607 163 20 5 6 0
1284064816 608 163 20 5 6 0
1284065256 609 163 20 5 6 0
1284065808 610 163 20 5 6 0
1284224580 611 163 20 5 6 0
1284225341 612 163 20 5 6 0
1284225927 613 163 20 5 6 0
1284297470 614 163 20 5 6 0
1285162159 615 163 20 5 6 0
1285162413 616 163 20 5 6 0
1285165420 617 163 20 5 6 0
1285258350 618 163 20 5 6 0
1285698666 619 163 20 5 6 0
1285702948 620 163 20 5 6 0
1285704921 621 163 20 5 6 0
1286202276 622 163 20 5 6 0
1286203761 623 163 20 5 6 0
1286203972 624 163 20 5 6 0
1286209592 625 163 20 5 6 0
1286262854 625 164 20 5 6 0
1286882706 625 165 20 5 6 0
1286987486 626 165 20 5 6 0
1286987618 627 165 20 5 6 0
1286987843 628 165 20 5 6 0
1287335383 628 166 20 5 6 0
1287422527 629 166 20 5 6 0
1287424955 630 166 20 5 6 0
1287425469 631 166 20 5 6 0
1287428476 632 166 20 5 6 0
1287522993 632 167 20 5 6 0
1287671236 633 167 20 5 6 0
1287672796 634 167 20 5 6 0
1287675625 635 167 20 5 6 0
1288350588 636 167 20 5 6 0
1288350951 637 167 20 5 6 0
1288351327 638 167 20 5 6 0
1288354199 639 167 20 5 6 0
1288354602 640 167 20 5 6 0
1288458184 641 167 20 5 6 0
1288458539 642 167 20 5 6 0
1288458920 643 167 20 5 6 0
1288459188 644 167 20 5 6 0
1288708937 645 167 20 5 6 0
1288788832 646 167 20 5 6 0
1288794440 647 167 20 5 6 0
1288880238 648 167 20 5 6 0
1289254761 648 168 20 5 6 0
1289491562 649 168 20 5 6 0
1289491629 650 168 20 5 6 0
1289491765 651 168 20 5 6 0
1289560557 652 168 20 5 6 0
1289560699 653 168 20 5 6 0
1289568649 654 168 20 5 6 0
1289661671 655 168 20 5 6 0
1289661822 656 168 20 5 6 0
1289669619 657 168 20 5 6 0
1289674662 658 168 20 5 6 0
1289755078 659 168 20 5 6 0
1290697430 660 168 20 5 6 0
1290787046 661 168 20 5 6 0
1290968479 662 168 20 5 6 0
1290969363 663 168 20 5 6 0
1290969571 664 168 20 5 6 0
1290969886 665 168 20 5 6 0
1291378319 666 168 20 5 6 0
1291389782 667 168 20 5 6 0
1291391700 668 168 20 5 6 0
1291804015 668 168 21 5 6 0
1292371256 668 168 22 5 6 0
1294154254 669 168 22 5 6 0
1294159819 670 168 22 5 6 0
1294350481 671 168 22 5 6 0
1294514927 672 168 22 5 6 0
1294516283 673 168 22 5 6 0
1294753121 674 168 22 5 6 0
1295006939 675 168 22 5 6 0
1295022114 676 168 22 5 6 0
1295119628 677 168 22 5 6 0
1295290282 678 168 22 5 6 0
1297023813 679 168 22 5 6 0
1297024710 680 168 22 5 6 0
1297187499 681 168 22 5 6 0
1298638190 682 168 22 5 6 0
1298922366 683 168 22 5 6 0
1298924569 684 168 22 5 6 0
1299081989 685 168 22 5 6 0
1299082953 686 168 22 5 6 0
1299085703 687 168 22 5 6 0
1299159323 688 168 22 5 6 0
1299161117 689 168 22 5 6 0
1299267100 690 168 22 5 6 0
1299269662 691 168 22 5 6 0
1299423662 692 168 22 5 6 0
1299426725 693 168 22 5 6 0
1299428027 694 168 22 5 6 0
1299488150 695 168 22 5 6 0
1299488837 696 168 22 5 6 0
1299615390 697 168 22 5 6 0
1299616268 698 168 22 5 6 0
1299619189 699 168 22 5 6 0
1299693716 700 168 22 5 6 0
1299860948 701 168 22 5 6 0
1299865268 702 168 22 5 6 0
1299963120 703 168 22 5 6 0
1299966490 704 168 22 5 6 0
1300124808 705 168 22 5 6 0
1300129249 706 168 22 5 6 0
1300212102 707 168 22 5 6 0
1300284597 708 168 22 5 6 0
1300394509 709 168 22 5 6 0
1300398977 710 168 22 5 6 0
1300885974 711 168 22 5 6 0
1300886169 712 168 22 5 6 0
1300994825 713 168 22 5 6 0
1301058323 714 168 22 5 6 0
1301162777 715 168 22 5 6 0
1301165139 716 168 22 5 6 0
1301323837 717 168 22 5 6 0
1301323911 718 168 22 5 6 0
1301411060 719 168 22 5 6 0
1301412374 720 168 22 5 6 0
1301415293 721 168 22 5 6 0
1301494760 722 168 22 5 6 0
1301502943 723 168 22 5 6 0
1301862014 724 168 22 5 6 0
1301862250 725 168 22 5 6 0
1302193008 726 168 22 5 6 0
1302796449 727 168 22 5 6 0
1303210982 728 168 22 5 6 0
1303395761 729 168 22 5 6 0
1303398332 730 168 22 5 6 0
1303401623 731 168 22 5 6 0
1303829615 732 168 22 5 6 0
1303829773 733 168 22 5 6 0
1303830112 734 168 22 5 6 0
1303833515 735 168 22 5 6 0
1303909399 736 168 22 5 6 0
1303922778 737 168 22 5 6 0
1303924035 738 168 22 5 6 0
1304001233 739 168 22 5 6 0
1304006268 740 168 22 5 6 0
1304013656 741 168 22 5 6 0
1304087145 742 168 22 5 6 0
1304089885 743 168 22 5 6 0
1304185419 744 168 22 5 6 0
1304190821 745 168 22 5 6 0
1304191143 746 168 22 5 6 0
1304344616 747 168 22 5 6 0
1304348411 748 168 22 5 6 0
1304350453 749 168 22 5 6 0
1304354099 750 168 22 5 6 0
1304538123 751 168 22 5 6 0
1304605078 752 168 22 5 6 0
1304693489 753 168 22 5 6 0
1304704850 754 168 22 5 6 0
1305290235 755 168 22 5 6 0
1305292786 756 168 22 5 6 0
1305474932 757 168 22 5 6 0
1305475195 758 168 22 5 6 0
1305477525 759 168 22 5 6 0
1305479410 760 168 22 5 6 0
1305561212 761 168 22 5 6 0
1306329525 762 168 22 5 6 0
1306329587 763 168 22 5 6 0
1306333474 764 168 22 5 6 0
1306336777 765 168 22 5 6 0
1306336933 766 168 22 5 6 0
1306343580 767 168 22 5 6 0
1306524092 768 168 22 5 6 0
1306524345 769 168 22 5 6 0
1306851119 770 168 22 5 6 0
1306944203 771 168 22 5 6 0
1307026494 772 168 22 5 6 0
1307984306 773 168 22 5 6 0
1307986702 774 168 22 5 6 0
1308069836 775 168 22 5 6 0
1308154300 776 168 22 5 6 0
1308589798 777 168 22 5 6 0
1308677813 778 168 22 5 6 0
1308758746 779 168 22 5 6 0
1308761731 780 168 22 5 6 0
1308764904 781 168 22 5 6 0
1308772616 782 168 22 5 6 0
1309273932 783 168 22 5 6 0
1309274263 784 168 22 5 6 0
1309274441 785 168 22 5 6 0
1309276210 786 168 22 5 6 0
1309454558 787 168 22 5 6 0
1309459840 788 168 22 5 6 0
1309987630 789 168 22 5 6 0
1309987899 790 168 22 5 6 0
1309988073 791 168 22 5 6 0
1309988375 792 168 22 5 6 0
1309988772 793 168 22 5 6 0
1310149347 794 168 22 5 6 0
1310150601 795 168 22 5 6 0
1310155020 796 168 22 5 6 0
1310155633 797 168 22 5 6 0
1310247863 798 168 22 5 6 0
1310248412 799 168 22 5 6 0
1310417444 800 168 22 5 6 0
1310423684 801 168 22 5 6 0
1311616632 802 168 22 5 6 0
1311617337 803 168 22 5 6 0
1311619137 804 168 22 5 6 0
1311619550 805 168 22 5 6 0
1311621155 806 168 22 5 6 0
1311622649 807 168 22 5 6 0
1311622878 808 168 22 5 6 0
1311624859 809 168 22 5 6 0
1311628208 810 168 22 5 6 0
1311631193 811 168 22 5 6 0
1312391266 812 168 22 5 6 0
1312391481 813 168 22 5 6 0
1312393565 814 168 22 5 6 0
1312394218 815 168 22 5 6 0
1312394491 816 168 22 5 6 0
1312396475 817 168 22 5 6 0
1312397801 818 168 22 5 6 0
1312400143 819 168 22 5 6 0
1312400846 820 168 22 5 6 0
1312402695 821 168 22 5 6 0
1312404094 822 168 22 5 6 0
1312410992 823 168 22 5 6 0
1312462457 824 168 22 5 6 0
1314036196 825 168 22 5 6 0
1314036516 826 168 22 5 6 0
1314039401 827 168 22 5 6 0
1314039782 828 168 22 5 6 0
1314039941 829 168 22 5 6 0
1314040252 830 168 22 5 6 0
1314042213 831 168 22 5 6 0
1314042388 832 168 22 5 6 0
1314048300 833 168 22 5 6 0
1314121129 834 168 22 5 6 0
1315085136 834 168 22 6 6 0
1315924941 834 168 22 7 6 0
1316031141 835 168 22 7 6 0
1316036256 836 168 22 7 6 0
1316036385 837 168 22 7 6 0
1316036475 838 168 22 7 6 0
1316038515 839 168 22 7 6 0
1316038617 840 168 22 7 6 0
1316040252 841 168 22 7 6 0
1316110184 841 168 22 8 6 0
1316710268 842 168 22 8 6 0
1316886446 843 168 22 8 6 0
1317067228 843 168 22 9 6 0
1317297851 844 168 22 9 6 0
1317302290 845 168 22 9 6 0
1317313577 846 168 22 9 6 0
1317326254 846 168 22 10 6 0
1317996399 847 168 22 10 6 0
1318084119 848 168 22 10 6 0
1318091715 848 168 23 10 6 0
1318277473 849 168 23 10 6 0
1318277528 850 168 23 10 6 0
1318348803 851 168 23 10 6 0
1318349015 852 168 23 10 6 0
1318960922 853 168 23 10 6 0
1318961099 854 168 23 10 6 0
1318961369 855 168 23 10 6 0
1318962991 856 168 23 10 6 0
1318965003 856 168 24 10 6 0
1318965025 856 168 25 10 6 0
1319225142 856 168 26 10 6 0
1319294830 857 168 26 10 6 0
1319296698 858 168 26 10 6 0
1319812956 859 168 26 10 6 0
1319822426 860 168 26 10 6 0
1319827477 861 168 26 10 6 0
1319907543 862 168 26 10 6 0
1319922131 863 168 26 10 6 0
1320089010 864 168 26 10 6 0
1320231694 865 168 26 10 6 0
1320235593 866 168 26 10 6 0
1320328169 867 168 26 10 6 0
1320331582 868 168 26 10 6 0
1320332028 869 168 26 10 6 0
1320342987 870 168 26 10 6 0
1320346685 871 168 26 10 6 0
1320420264 872 168 26 10 6 0
1320432718 873 168 26 10 6 0
1320506410 874 168 26 10 6 0
1320702729 875 168 26 10 6 0
1321297427 876 168 26 10 6 0
1321369917 877 168 26 10 6 0
1321371503 878 168 26 10 6 0
1321446324 879 168 26 10 6 0
1321449040 880 168 26 10 6 0
1321452113 881 168 26 10 6 0
1321544166 882 168 26 10 6 0
1321556220 883 168 26 10 6 0
1321904563 884 168 26 10 6 0
1321980652 885 168 26 10 6 0
1321982973 886 168 26 10 6 0
1322046489 887 168 26 10 6 0
1322414692 888 168 26 10 6 0
1322417151 889 168 26 10 6 0
1322418409 890 168 26 10 6 0
1322500929 891 168 26 10 6 0
1322503433 892 168 26 10 6 0
1322585584 893 168 26 10 6 0
1322652057 894 168 26 10 6 0
1322654877 895 168 26 10 6 0
1322755990 896 168 26 10 6 0
1322847659 897 168 26 10 6 0
1322921243 898 168 26 10 6 0
1323363059 899 168 26 10 6 0
1323717583 900 168 26 10 6 0
1323720587 901 168 26 10 6 0
1323775592 902 168 26 10 6 0
1323785789 903 168 26 10 6 0
1323789334 904 168 26 10 6 0
1323864512 905 168 26 10 6 0
1323865051 906 168 26 10 6 0
1323868602 907 168 26 10 6 0
1323876392 908 168 26 10 6 0
1323877051 909 168 26 10 6 0
1323968380 910 168 26 10 6 0
1323971313 911 168 26 10 6 0
1323983273 912 168 26 10 6 0
1324057303 913 168 26 10 6 0
1324321535 914 168 26 10 6 0
1324391273 915 168 26 10 6 0
1324408354 916 168 26 10 6 0
1324469809 917 168 26 10 6 0
1324479284 918 168 26 10 6 0
1324658316 919 168 26 10 6 0
1325529731 920 168 26 10 6 0
1325532878 921 168 26 10 6 0
1325536360 922 168 26 10 6 0
1325609426 923 168 26 10 6 0
1325614531 924 168 26 10 6 0
1325622716 925 168 26 10 6 0
1325625420 926 168 26 10 6 0
1325675313 927 168 26 10 6 0
1325679211 928 168 26 10 6 0
1325682406 929 168 26 10 6 0
1325685448 930 168 26 10 6 0
1325695118 931 168 26 10 6 0
1325698246 932 168 26 10 6 0
1325774779 933 168 26 10 6 0
1325776215 934 168 26 10 6 0
1325778454 935 168 26 10 6 0
1325785330 936 168 26 10 6 0
1325785531 937 168 26 10 6 0
1325858502 937 168 27 10 6 0
1325858526 937 168 28 10 6 0
1325858548 937 168 29 10 6 0
1325858570 937 168 30 10 6 0
1325858591 937 168 31 10 6 0
1325858613 937 168 32 10 6 0
1325858637 937 168 33 10 6 0
1325881874 938 168 33 10 6 0
1325960364 939 168 33 10 6 0
1325961627 940 168 33 10 6 0
1325965912 941 168 33 10 6 0
1326110946 942 168 33 10 6 0
1326111410 943 168 33 10 6 0
1326113558 944 168 33 10 6 0
1326118030 945 168 33 10 6 0
1326123993 946 168 33 10 6 0
1326125752 947 168 33 10 6 0
1326130106 948 168 33 10 6 0
1326139078 949 168 33 10 6 0
1326215943 950 168 33 10 6 0
1326216625 951 168 33 10 6 0
1326219020 952 168 33 10 6 0
1326463646 953 168 33 10 6 0
1326464876 954 168 33 10 6 0
1326472676 955 168 33 10 6 0
1326482582 956 168 33 10 6 0
1326559640 957 168 33 10 6 0
1326561006 958 168 33 10 6 0
1326564359 959 168 33 10 6 0
1326736128 960 168 33 10 6 0
1326738693 961 168 33 10 6 0
1326740343 962 168 33 10 6 0
1326990920 963 168 33 10 6 0
1326992341 964 168 33 10 6 0
1326994278 965 168 33 10 6 0
1327001795 966 168 33 10 6 0
1327086156 967 168 33 10 6 0
1327168135 968 168 33 10 6 0
1327169505 969 168 33 10 6 0
1327262702 970 168 33 10 6 0
1327266284 971 168 33 10 6 0
1327337430 972 168 33 10 6 0
1327438516 973 168 33 10 6 0
1327676295 974 168 33 10 6 0
1327679101 975 168 33 10 6 0
1327686644 976 168 33 10 6 0
1327691848 977 168 33 10 6 0
1327852754 978 168 33 10 6 0
1327855290 979 168 33 10 6 0
1327857932 980 168 33 10 6 0
1327934329 981 168 33 10 6 0
1327935422 982 168 33 10 6 0
1327939374 983 168 33 10 6 0
1327951969 984 168 33 10 6 0
1327952147 985 168 33 10 6 0
1327953586 986 168 33 10 6 0
1328022128 987 168 33 10 6 0
1328030252 988 168 33 10 6 0
1328288743 989 168 33 10 6 0
1328372965 990 168 33 10 6 0
1328379356 991 168 33 10 6 0
1328384955 992 168 33 10 6 0
1328456975 993 168 33 10 6 0
1328457973 994 168 33 10 6 0
1328646731 994 168 34 10 6 0
1328646750 994 168 35 10 6 0
1328646770 994 168 36 10 6 0
1328810914 995 168 36 10 6 0
1328812195 996 168 36 10 6 0
1328899098 997 168 36 10 6 0
1328910812 998 168 36 10 6 0
1329155620 999 168 36 10 6 0
1329158369 1000 168 36 10 6 0
1329158673 1001 168 36 10 6 0
1329162591 1002 168 36 10 6 0
1329309407 1003 168 36 10 6 0
1329311077 1004 168 36 10 6 0
1329318798 1005 168 36 10 6 0
1329325781 1006 168 36 10 6 0
1329408373 1007 168 36 10 6 0
1329412223 1008 168 36 10 6 0
1329432264 1008 168 37 10 6 0
1329486490 1009 168 37 10 6 0
1329486869 1010 168 37 10 6 0
1329673463 1011 168 37 10 6 0
1329914904 1012 168 37 10 6 0
1329916330 1013 168 37 10 6 0
1330636208 1014 168 37 10 6 0
1331225399 1015 168 37 10 6 0
1331226936 1016 168 37 10 6 0
1331656897 1017 168 37 10 6 0
1331661244 1018 168 37 10 6 0
1332355534 1019 168 37 10 6 0
1332435816 1020 168 37 10 6 0
1332437832 1021 168 37 10 6 0
1333022073 1022 168 37 10 6 0
1333030676 1023 168 37 10 6 0
1333036755 1024 168 37 10 6 0
1333121598 1025 168 37 10 6 0
1333123477 1026 168 37 10 6 0
1333129220 1027 168 37 10 6 0
1333305718 1028 168 37 10 6 0
1333648076 1029 168 37 10 6 0
1333650588 1030 168 37 10 6 0
1334600869 1031 168 37 10 6 0
1336420660 1032 168 37 10 6 0
1337017697 1033 168 37 10 6 0
1337027176 1034 168 37 10 6 0
1337027746 1035 168 37 10 6 0
1337360759 1036 168 37 10 6 0
1337442243 1037 168 37 10 6 0
1337447579 1038 168 37 10 6 0
1337704025 1039 168 37 10 6 0
1338662474 1040 168 37 10 6 0
1339004562 1041 168 37 10 6 0
1339445374 1042 168 37 10 6 0
1339694300 1043 168 37 10 6 0
1339777356 1044 168 37 10 6 0
1339865695 1045 168 37 10 6 0
1340037137 1046 168 37 10 6 0
1340045764 1047 168 37 10 6 0
1340300479 1048 168 37 10 6 0
1340647553 1048 168 38 10 6 0
1340905148 1049 168 38 10 6 0
1341941393 1050 168 38 10 6 0
1342545612 1051 168 38 10 6 0
1342615129 1052 168 38 10 6 0
1342624629 1053 168 38 10 6 0
1342811456 1054 168 38 10 6 0
1342825887 1055 168 38 10 6 0
1343004620 1056 168 38 10 6 0
1343237807 1057 168 38 10 6 0
1343318437 1058 168 38 10 6 0
1343320413 1059 168 38 10 6 0
1343411351 1060 168 38 10 6 0
1343415297 1061 168 38 10 6 0
1343580261 1062 168 38 10 6 0
1344209933 1063 168 38 10 6 0
1344212035 1064 168 38 10 6 0
1344293314 1065 168 38 10 6 0
1344463648 1066 168 38 10 6 0
1344465435 1067 168 38 10 6 0
1344721421 1068 168 38 10 6 0
1345085217 1069 168 38 10 6 0
1345326528 1070 168 38 10 6 0
1345426016 1071 168 38 10 6 0
1345426331 1072 168 38 10 6 0
1345427558 1073 168 38 10 6 0
1345474233 1074 168 38 10 6 0
1345476850 1075 168 38 10 6 0
1345510463 1076 168 38 10 6 0
1345659262 1077 168 38 10 6 0
1345819694 1078 168 38 10 6 0
1346002607 1079 168 38 10 6 0
1346006442 1080 168 38 10 6 0
1346008130 1081 168 38 10 6 0
1346273349 1082 168 38 10 6 0
1346346680 1083 168 38 10 6 0
1346373752 1084 168 38 10 6 0
1346450166 1085 168 38 10 6 0
1346452863 1085 168 39 10 6 0
1346546075 1086 168 39 10 6 0
1346546533 1087 168 39 10 6 0
1346704217 1087 168 40 10 6 0
1346844711 1088 168 40 10 6 0
1346847209 1089 168 40 10 6 0
1346849262 1090 168 40 10 6 0
1346885749 1091 168 40 10 6 0
1346965908 1092 168 40 10 6 0
1347059223 1093 168 40 10 6 0
1347150265 1094 168 40 10 6 0
1347369156 1095 168 40 10 6 0
1347456457 1096 168 40 10 6 0
1347458620 1097 168 40 10 6 0
1347544144 1098 168 40 10 6 0
1347547347 1099 168 40 10 6 0
1347628210 1100 168 40 10 6 0
1347638213 1101 168 40 10 6 0
1347657549 1101 168 41 10 6 0
1347657575 1101 168 42 10 6 0
1347745625 1102 168 42 10 6 0
1348341397 1103 168 42 10 6 0
1348423785 1104 168 42 10 6 0
1348426196 1105 168 42 10 6 0
1348926894 1106 168 42 10 6 0
1348966201 1107 168 42 10 6 0
1349187138 1108 168 42 10 6 0
1349447810 1109 168 42 10 6 0
1349535297 1110 168 42 10 6 0
1349537729 1111 168 42 10 6 0
1349628092 1112 168 42 10 6 0
1349631939 1113 168 42 10 6 0
1349633196 1114 168 42 10 6 0
1349634665 1115 168 42 10 6 0
1350144255 1116 168 42 10 6 0
1350145582 1117 168 42 10 6 0
1350147362 1118 168 42 10 6 0
1350160895 1119 168 42 10 6 0
1350324002 1120 168 42 10 6 0
1350487912 1121 168 42 10 6 0
1350494913 1122 168 42 10 6 0
1350555708 1123 168 42 10 6 0
1350557518 1124 168 42 10 6 0
1350598655 1125 168 42 10 6 0
1350600233 1126 168 42 10 6 0
1351028249 1127 168 42 10 6 0
1351029419 1128 168 42 10 6 0
1351348467 1129 168 42 10 6 0
1351351798 1130 168 42 10 6 0
1351359344 1131 168 42 10 6 0
1351439234 1132 168 42 10 6 0
1351456795 1133 168 42 10 6 0
1351523087 1134 168 42 10 6 0
1351533154 1135 168 42 10 6 0
1351534991 1136 168 42 10 6 0
1351536427 1137 168 42 10 6 0
1351563273 1138 168 42 10 6 0
1351644926 1138 168 43 10 6 0
1351715104 1139 168 43 10 6 0
1351717511 1140 168 43 10 6 0
1351724889 1141 168 43 10 6 0
1351898508 1142 168 43 10 6 0
1352128307 1143 168 43 10 6 0
1352148497 1144 168 43 10 6 0
1352209159 1145 168 43 10 6 0
1352241082 1145 168 44 10 6 0
1352301234 1146 168 44 10 6 0
1352332712 1147 168 44 10 6 0
1352336605 1148 168 44 10 6 0
1352367294 1149 168 44 10 6 0
1352367527 1150 168 44 10 6 0
1356802785 1151 168 44 10 6 0
1356825450 1152 168 44 10 6 0
1358715439 1153 168 44 10 6 0
1358717305 1154 168 44 10 6 0
1361556316 1155 168 44 10 6 0
1361987930 1156 168 44 10 6 0
1362798957 1157 168 44 10 6 0
1363704371 1158 168 44 10 6 0
1363895397 1159 168 44 10 6 0
1364240030 1160 168 44 10 6 0
1364681206 1161 168 44 10 6 0
1364693315 1162 168 44 10 6 0
1364870810 1163 168 44 10 6 0
1365084693 1164 168 44 10 6 0
1365099803 1165 168 44 10 6 0
1365132605 1166 168 44 10 6 0
1365206868 1167 168 44 10 6 0
1365266554 1168 168 44 10 6 0
1365272958 1169 168 44 10 6 0
1365279294 1170 168 44 10 6 0
1365286920 1171 168 44 10 6 0
1365295333 1172 168 44 10 6 0
1365301827 1173 168 44 10 6 0
1366204760 1174 168 44 10 6 0
1366591635 1175 168 44 10 6 0
1367254028 1176 168 44 10 6 0
1367414829 1176 168 44 10 6 1
1367431793 1177 168 44 10 6 1
1367574920 1177 168 44 10 6 2
1367575285 1177 168 44 10 6 3
1367575578 1177 168 44 10 6 4
1367590038 1178 168 44 10 6 4
1367591144 1179 168 44 10 6 4
1367592682 1180 168 44 10 6 4
1367599064 1181 168 44 10 6 4
1367603321 1181 168 44 10 6 5
1367884994 1182 168 44 10 6 5
1368023432 1183 168 44 10 6 5
1368229396 1184 168 44 10 6 5
1368288643 1184 168 45 10 6 5
1368303387 1185 168 45 10 6 5
1368313500 1186 168 45 10 6 5
1368371565 1187 168 45 10 6 5
1368373911 1188 168 45 10 6 5
1368632844 1189 168 45 10 6 5
1369139978 1190 168 45 10 6 5
1369654608 1191 168 45 10 6 5
1369658102 1192 168 45 10 6 5
1369752150 1192 168 45 11 6 5
1369765450 1193 168 45 11 6 5
1369772733 1194 168 45 11 6 5
1370054144 1195 168 45 11 6 5
1370095537 1196 168 45 11 6 5
1370620589 1197 168 45 11 6 5
1370629100 1198 168 45 11 6 5
1370948611 1199 168 45 11 6 5
1370987398 1200 168 45 11 6 5
1371450653 1201 168 45 11 6 5
1371457674 1202 168 45 11 6 5
1371458960 1203 168 45 11 6 5
1371667956 1204 168 45 11 6 5
1371681966 1205 168 45 11 6 5
1371761938 1206 168 45 11 6 5
1371770071 1207 168 45 11 6 5
1372096740 1208 168 45 11 6 5
1372103579 1209 168 45 11 6 5
1372164905 1210 168 45 11 6 5
1372178721 1211 168 45 11 6 5
1372438356 1212 168 45 11 6 5
1372453010 1213 168 45 11 6 5
1372537128 1214 168 45 11 6 5
1372704199 1215 168 45 11 6 5
1372722244 1216 168 45 11 6 5
1372812289 1217 168 45 11 6 5
1372982342 1218 168 45 11 6 5
1372985234 1219 168 45 11 6 5
1373045867 1220 168 45 11 6 5
1373116755 1221 168 45 11 6 5
1373219286 1222 168 45 11 6 5
1373403163 1222 168 46 11 6 5
1373403193 1222 168 47 11 6 5
1373415899 1223 168 47 11 6 5
1373581222 1224 168 47 11 6 5
1373590356 1224 168 48 11 6 5
1373590370 1224 168 49 11 6 5
1373590383 1224 168 50 11 6 5
1373654527 1225 168 50 11 6 5
1373656308 1226 168 50 11 6 5
1373667347 1227 168 50 11 6 5
1373936590 1228 168 50 11 6 5
1373998061 1229 168 50 11 6 5
1374103681 1230 168 50 11 6 5
1374675439 1231 168 50 11 6 5
1374676711 1232 168 50 11 6 5
1374682354 1233 168 50 11 6 5
1374689818 1234 168 50 11 6 5
1374692739 1235 168 50 11 6 5
1374701971 1236 168 50 11 6 5
1374718186 1237 168 50 11 6 5
1374760461 1238 168 50 11 6 5
1374787272 1239 168 50 11 6 5
1374847204 1240 168 50 11 6 5
1374973956 1240 168 51 11 6 5
1374974858 1240 168 52 11 6 5
1375147432 1241 168 52 11 6 5
1375664221 1242 168 52 11 6 5
1375666187 1243 168 52 11 6 5
1375917573 1244 168 52 11 6 5
1375918734 1245 168 52 11 6 5
1375996823 1246 168 52 11 6 5
1376010418 1247 168 52 11 6 5
1376084028 1248 168 52 11 6 5
1376102070 1249 168 52 11 6 5
1376102405 1250 168 52 11 6 5
1376267968 1251 168 52 11 6 5
1376354215 1252 168 52 11 6 5
1376444641 1253 168 52 11 6 5
1376445775 1254 168 52 11 6 5
1376479253 1255 168 52 11 6 5
1376480332 1256 168 52 11 6 5
1376483153 1257 168 52 11 6 5
1376496248 1258 168 52 11 6 5
1376498266 1259 168 52 11 6 5
1376516459 1260 168 52 11 6 5
1376582010 1261 168 52 11 6 5
1376841873 1262 168 52 11 6 5
1376867335 1263 168 52 11 6 5
1376925268 1264 168 52 11 6 5
1377103311 1265 168 52 11 6 5
1377133331 1266 168 52 11 6 5
1377555321 1267 168 52 11 6 5
1378211287 1267 168 52 12 6 5
1378732247 1267 168 52 13 6 5
1378812402 1268 168 52 13 6 5
1378837849 1269 168 52 13 6 5
1378839641 1270 168 52 13 6 5
1378919974 1271 168 52 13 6 5
1378944689 1272 168 52 13 6 5
1378945925 1273 168 52 13 6 5
1379442341 1274 168 52 13 6 5
1379443266 1275 168 52 13 6 5
1379452812 1276 168 52 13 6 5
1379629958 1277 168 52 13 6 5
1379689456 1278 168 52 13 6 5
1379850464 1279 168 52 13 6 5
1379884312 1280 168 52 13 6 5
1380121476 1281 168 52 13 6 5
1380152224 1282 168 52 13 6 5
1380304012 1283 168 52 13 6 5
1380311631 1284 168 52 13 6 5
1380316896 1285 168 52 13 6 5
1380319042 1286 168 52 13 6 5
1380587399 1287 168 52 13 6 5
1381608973 1287 168 53 13 6 5
1384014466 1288 168 53 13 6 5
1384522406 1288 168 54 13 6 5
1384522423 1288 168 55 13 6 5
1384570283 1289 168 55 13 6 5
1384630299 1289 168 56 13 6 5
1384630326 1289 168 57 13 6 5
1384630343 1289 168 58 13 6 5
1384915629 1290 168 58 13 6 5
1385080834 1291 168 58 13 6 5
1385242945 1292 168 58 13 6 5
1385256448 1292 168 59 13 6 5
1385267432 1293 168 59 13 6 5
1390334855 1293 168 60 13 6 5
1390334951 1293 168 61 13 6 5
1390492351 1294 168 61 13 6 5
1391476917 1295 168 61 13 6 5
1391794628 1295 168 62 13 6 5
1391794641 1295 168 63 13 6 5
1393634207 1296 168 63 13 6 5
1393635672 1297 168 63 13 6 5
1393701863 1298 168 63 13 6 5
1394143605 1299 168 63 13 6 5
1394238202 1300 168 63 13 6 5
1394302334 1301 168 63 13 6 5
1394638732 1302 168 63 13 6 5
1394657489 1303 168 63 13 6 5
1394663469 1304 168 63 13 6 5
1394758159 1305 168 63 13 6 5
1394839181 1305 168 64 13 6 5
1395212236 1305 168 65 13 6 5
1395282421 1306 168 65 13 6 5
1395458314 1307 168 65 13 6 5
1395459191 1308 168 65 13 6 5
1395460319 1309 168 65 13 6 5
1395499560 1310 168 65 13 6 5
1395502173 1311 168 65 13 6 5
1395513763 1311 168 66 13 6 5
1395531135 1312 168 66 13 6 5
1395541243 1313 168 66 13 6 5
1395621048 1314 168 66 13 6 5
1395660300 1315 168 66 13 6 5
1395668060 1316 168 66 13 6 5
1395792841 1317 168 66 13 6 5
1395793854 1318 168 66 13 6 5
1395795973 1319 168 66 13 6 5
1395843242 1320 168 66 13 6 5
1395876121 1321 168 66 13 6 5
1396053953 1322 168 66 13 6 5
1396231578 1323 168 66 13 6 5
1396487864 1324 168 66 13 6 5
1396489591 1325 168 66 13 6 5
1396567794 1326 168 66 13 6 5
1396618625 1327 168 66 13 6 5
1396622042 1328 168 66 13 6 5
1396639276 1329 168 66 13 6 5
1396710840 1329 168 67 13 6 5
1396741017 1330 168 67 13 6 5
1396742316 1331 168 67 13 6 5
1396800133 1332 168 67 13 6 5
1396812330 1333 168 67 13 6 5
1396824541 1334 168 67 13 6 5
1396826437 1335 168 67 13 6 5
1396919065 1336 168 67 13 6 5
1397073187 1337 168 67 13 6 5
1397085223 1338 168 67 13 6 5
1397113993 1339 168 67 13 6 5
1397136187 1340 168 67 13 6 5
1397138873 1341 168 67 13 6 5
1397346006 1342 168 67 13 6 5
1397348447 1343 168 67 13 6 5
1397517206 1344 168 67 13 6 5
1397522201 1345 168 67 13 6 5
1397555208 1346 168 67 13 6 5
1397748244 1347 168 67 13 6 5
1397827411 1348 168 67 13 6 5
1398221906 1349 168 67 13 6 5
1398496351 1349 168 68 13 6 5
1398613604 1350 168 68 13 6 5
1398775765 1351 168 68 13 6 5
1398922611 1352 168 68 13 6 5
1398957763 1353 168 68 13 6 5
1398965151 1354 168 68 13 6 5
1398992714 1355 168 68 13 6 5
1399066769 1356 168 68 13 6 5
1399069706 1357 168 68 13 6 5
1399075818 1358 168 68 13 6 5
1399499241 1359 168 68 13 6 5
1399501073 1360 168 68 13 6 5
1399512286 1361 168 68 13 6 5
1399833910 1362 168 68 13 6 5
1399856091 1363 168 68 13 6 5
1399894604 1364 168 68 13 6 5
1399904658 1365 168 68 13 6 5
1399931312 1366 168 68 13 6 5
1399933551 1367 168 68 13 6 5
1399935507 1368 168 68 13 6 5
1399988053 1369 168 68 13 6 5
1400116481 1370 168 68 13 6 5
1400158952 1371 168 68 13 6 5
1400188836 1372 168 68 13 6 5
1400287468 1373 168 68 13 6 5
1400327030 1373 168 69 13 6 5
1400371491 1373 168 70 13 6 5
1400429060 1373 168 71 13 6 5
1400429080 1373 168 72 13 6 5
1400437342 1374 168 72 13 6 5
1400447694 1374 168 73 13 6 5
1400543989 1375 168 73 13 6 5
1400621070 1375 168 74 13 6 5
1400651538 1376 168 74 13 6 5
1400703277 1377 168 74 13 6 5
1400714096 1378 168 74 13 6 5
1400781044 1378 168 75 13 6 5
1400864843 1379 168 75 13 6 5
1400901723 1380 168 75 13 6 5
1401503964 1381 168 75 13 6 5
1402223570 1381 168 76 13 6 5
1402355537 1382 168 76 13 6 5
1402357253 1383 168 76 13 6 5
1402579826 1384 168 76 13 6 5
1402774539 1385 168 76 13 6 5
1403389352 1386 168 76 13 6 5
1404430387 1387 168 76 13 6 5
1405293136 1388 168 76 13 6 5
1407106026 1388 168 77 13 6 5
1407157751 1389 168 77 13 6 5
1407190540 1390 168 77 13 6 5
1407623999 1391 168 77 13 6 5
1407880040 1392 168 77 13 6 5
1408150642 1393 168 77 13 6 5
1408629616 1394 168 77 13 6 5
1408644274 1395 168 77 13 6 5
1409182081 1396 168 77 13 6 5
1409526295 1397 168 77 13 6 5
1409752525 1398 168 77 13 6 5
1410130424 1399 168 77 13 6 5
1410363599 1400 168 77 13 6 5
1410381459 1401 168 77 13 6 5
1411988753 1402 168 77 13 6 5
1411992956 1403 168 77 13 6 5
1412173893 1403 168 77 13 7 5
1412627068 1404 168 77 13 7 5
1412630257 1405 168 77 13 7 5
1412817225 1406 168 77 13 7 5
1412822488 1407 168 77 13 7 5
1413056326 1408 168 77 13 7 5
1413181040 1409 168 77 13 7 5
1413339801 1410 168 77 13 7 5
1413405938 1410 168 78 13 7 5
1413468718 1411 168 78 13 7 5
1413482728 1412 168 78 13 7 5
1413493718 1413 168 78 13 7 5
1413513604 1414 168 78 13 7 5
1415274698 1415 168 78 13 7 5
1415333066 1416 168 78 13 7 5
1415388830 1417 168 78 13 7 5
1415453546 1418 168 78 13 7 5
1415502668 1419 168 78 13 7 5
1416003319 1420 168 78 13 7 5
1416449685 1421 168 78 13 7 5
1416548339 1422 168 78 13 7 5
1416804617 1423 168 78 13 7 5
1417065541 1424 168 78 13 7 5
1417447786 1425 168 78 13 7 5
1417468293 1426 168 78 13 7 5
1418096022 1427 168 78 13 7 5
1418420280 1427 168 79 13 7 5
1418885357 1427 168 80 13 7 5
1418952215 1428 168 80 13 7 5
1419034946 1429 168 80 13 7 5
1419046998 1430 168 80 13 7 5
1419348008 1431 168 80 13 7 5
1419466537 1432 168 80 13 7 5
1419595965 1433 168 80 13 7 5
1419632112 1433 168 80 14 7 5
1420050576 1434 168 80 14 7 5
1420050639 1435 168 80 14 7 5
1420051981 1436 168 80 14 7 5
1420060066 1437 168 80 14 7 5
1420064458 1438 168 80 14 7 5
1420139766 1439 168 80 14 7 5
1420193105 1439 168 80 15 7 5
1420196285 1439 168 80 16 7 5
1420203528 1439 168 80 17 7 5
1420209558 1440 168 80 17 7 5
1420840839 1440 168 80 18 7 5
1422199628 1441 168 80 18 7 5
1422206659 1442 168 80 18 7 5
1422208068 1443 168 80 18 7 5
1422431406 1444 168 80 18 7 5
1422539893 1445 168 80 18 7 5
1422579409 1446 168 80 18 7 5
1422615103 1447 168 80 18 7 5
1422766954 1448 168 80 18 7 5
1422832935 1449 168 80 18 7 5
1423032364 1450 168 80 18 7 5
1423043075 1451 168 80 18 7 5
1423044367 1452 168 80 18 7 5
1423274334 1453 168 80 18 7 5
1423328747 1454 168 80 18 7 5
1423378141 1455 168 80 18 7 5
1423417836 1456 168 80 18 7 5
1423492276 1457 168 80 18 7 5
1423505311 1458 168 80 18 7 5
1423522040 1459 168 80 18 7 5
1423544117 1460 168 80 18 7 5
1423622232 1461 168 80 18 7 5
1423637669 1461 168 81 18 7 5
1423665165 1462 168 81 18 7 5
1423706543 1463 168 81 18 7 5
1423706625 1464 168 81 18 7 5
1423708067 1465 168 81 18 7 5
1423712231 1466 168 81 18 7 5
1423755174 1467 168 81 18 7 5
1424358599 1468 168 81 18 7 5
1424667212 1469 168 81 18 7 5
1424708724 1470 168 81 18 7 5
1424880180 1471 168 81 18 7 5
1424882103 1472 168 81 18 7 5
1424897740 1472 168 82 18 7 5
1424904797 1473 168 82 18 7 5
1424920171 1474 168 82 18 7 5
1425591683 1474 168 83 18 7 5
1425652481 1475 168 83 18 7 5
1425663189 1476 168 83 18 7 5
1427331627 1477 168 83 18 7 5
1427381569 1478 168 83 18 7 5
1427392327 1479 168 83 18 7 5
1427652292 1480 168 83 18 7 5
1428195596 1481 168 83 18 7 5
1428517215 1482 168 83 18 7 5
1428846484 1483 168 83 18 7 5
1428849610 1484 168 83 18 7 5
1429734548 1485 168 83 18 7 5
1431106334 1486 168 83 18 7 5
1431294097 1487 168 83 18 7 5
1431384002 1488 168 83 18 7 5
1431478567 1489 168 83 18 7 5
1432002831 1490 168 83 18 7 5
1432005688 1491 168 83 18 7 5
1432506056 1492 168 83 18 7 5
1432507310 1493 168 83 18 7 5
1432681736 1494 168 83 18 7 5
1432882618 1495 168 83 18 7 5
1434680269 1496 168 83 18 7 5
1434762361 1497 168 83 18 7 5
1435115656 1498 168 83 18 7 5
1435284549 1499 168 83 18 7 5
1435602428 1500 168 83 18 7 5
1435880601 1501 168 83 18 7 5
1435926531 1502 168 83 18 7 5
1437056134 1503 168 83 18 7 5
1437921836 1504 168 83 18 7 5
1437924243 1505 168 83 18 7 5
1437926464 1506 168 83 18 7 5
1438515621 1507 168 83 18 7 5
1438517799 1508 168 83 18 7 5
1438553513 1509 168 83 18 7 5
1438880131 1510 168 83 18 7 5
1438958622 1511 168 83 18 7 5
1439373525 1512 168 83 18 7 5
1439385871 1513 168 83 18 7 5
1440117671 1514 168 83 18 7 5
1440427617 1515 168 83 18 7 5
1440540411 1516 168 83 18 7 5
1441548654 1517 168 83 18 7 5
1441575029 1518 168 83 18 7 5
1441672008 1519 168 83 18 7 5
1441763967 1520 168 83 18 7 5
1441928052 1521 168 83 18 7 5
1441931829 1522 168 83 18 7 5
1441986536 1523 168 83 18 7 5
1441988908 1524 168 83 18 7 5
1441993736 1525 168 83 18 7 5
1442270393 1526 168 83 18 7 5
1442345223 1526 168 84 18 7 5
1442864398 1527 168 84 18 7 5
1443136707 1528 168 84 18 7 5
1443698034 1529 168 84 18 7 5
1443701279 1530 168 84 18 7 5
1444334338 1531 168 84 18 7 5
1444338168 1532 168 84 18 7 5
1445089451 1533 168 84 18 7 5
1445716281 1533 168 85 18 7 5
1446426871 1534 168 85 18 7 5
1446432649 1535 168 85 18 7 5
1446480918 1536 168 85 18 7 5
1446956397 1537 168 85 18 7 5
1446958169 1538 168 85 18 7 5
1447011084 1539 168 85 18 7 5
1447120146 1540 168 85 18 7 5
1447200325 1541 168 85 18 7 5
1447209688 1542 168 85 18 7 5
1447214658 1543 168 85 18 7 5
1447385476 1544 168 85 18 7 5
1447428319 1545 168 85 18 7 5
1453645126 1546 168 85 18 7 5
1456122911 1547 168 85 18 7 5
1456125613 1548 168 85 18 7 5
1456166455 1549 168 85 18 7 5
1456179114 1550 168 85 18 7 5
1456188692 1551 168 85 18 7 5
1456720233 1552 168 85 18 7 5
1456762386 1553 168 85 18 7 5
1456769146 1554 168 85 18 7 5
1456772520 1555 168 85 18 7 5
1456794532 1556 168 85 18 7 5
1456797450 1557 168 85 18 7 5
1456877922 1558 168 85 18 7 5
1457929543 1559 168 85 18 7 5
1459874962 1560 168 85 18 7 5
1459876197 1561 168 85 18 7 5
1459893825 1562 168 85 18 7 5
1462319903 1563 168 85 18 7 5
1462941442 1563 168 86 18 7 5
1464042435 1564 168 86 18 7 5
1464044829 1565 168 86 18 7 5
1464091760 1566 168 86 18 7 5
1464439531 1567 168 86 18 7 5
1464691722 1568 168 86 18 7 5
1464751730 1569 168 86 18 7 5
1464879109 1570 168 86 18 7 5
1464880039 1571 168 86 18 7 5
1464886427 1572 168 86 18 7 5
1464988030 1573 168 86 18 7 5
1465089522 1574 168 86 18 7 5
1465177149 1575 168 86 18 7 5
1465224252 1576 168 86 18 7 5
1465227715 1577 168 86 18 7 5
1465230799 1578 168 86 18 7 5
1465231226 1579 168 86 18 7 5
1465232201 1580 168 86 18 7 5
1465336040 1581 168 86 18 7 5
1465336394 1582 168 86 18 7 5
1465337916 1583 168 86 18 7 5
1465346074 1584 168 86 18 7 5
1466098705 1585 168 86 18 7 5
1466102950 1586 168 86 18 7 5
1466106304 1587 168 86 18 7 5
1466122906 1588 168 86 18 7 5
1466124035 1589 168 86 18 7 5
1466129633 1590 168 86 18 7 5
1466131010 1591 168 86 18 7 5
1466445700 1592 168 86 18 7 5
1466625087 1593 168 86 18 7 5
1466814498 1594 168 86 18 7 5
1466861489 1595 168 86 18 7 5
1466870777 1596 168 86 18 7 5
1466882950 1597 168 86 18 7 5
1467124626 1598 168 86 18 7 5
1467131035 1599 168 86 18 7 5
1467137933 1600 168 86 18 7 5
1467252812 1601 168 86 18 7 5
1467297476 1602 168 86 18 7 5
1467402095 1603 168 86 18 7 5
1467428279 1604 168 86 18 7 5
1467567464 1605 168 86 18 7 5
1467681663 1606 168 86 18 7 5
1467726519 1607 168 86 18 7 5
1467900486 1608 168 86 18 7 5
1467901705 1609 168 86 18 7 5
1467908087 1610 168 86 18 7 5
1467910544 1611 168 86 18 7 5
1467913745 1612 168 86 18 7 5
1467995496 1613 168 86 18 7 5
1468721949 1614 168 86 18 7 5
1468723923 1615 168 86 18 7 5
1468725528 1616 168 86 18 7 5
1468775383 1617 168 86 18 7 5
1468858941 1618 168 86 18 7 5
1468876041 1619 168 86 18 7 5
1468932792 1620 168 86 18 7 5
1469630325 1621 168 86 18 7 5
1469808287 1622 168 86 18 7 5
1469899441 1623 168 86 18 7 5
1470095126 1624 168 86 18 7 5
1470149020 1625 168 86 18 7 5
1470249414 1626 168 86 18 7 5
1470518748 1627 168 86 18 7 5
1470679107 1628 168 86 18 7 5
1470702821 1629 168 86 18 7 5
1470749015 1630 168 86 18 7 5
1470932670 1631 168 86 18 7 5
1470933920 1632 168 86 18 7 5
1470937317 1633 168 86 18 7 5
1470959987 1634 168 86 18 7 5
1471015545 1635 168 86 18 7 5
1471016596 1636 168 86 18 7 5
1471018580 1637 168 86 18 7 5
1471090665 1638 168 86 18 7 5
1471095387 1639 168 86 18 7 5
1471110059 1640 168 86 18 7 5
1471177718 1641 168 86 18 7 5
1471179110 1642 168 86 18 7 5
1471188862 1643 168 86 18 7 5
1471191450 1644 168 86 18 7 5
1471195758 1645 168 86 18 7 5
1471208127 1646 168 86 18 7 5
1471525539 1647 168 86 18 7 5
1471526813 1648 168 86 18 7 5
1471567460 1649 168 86 18 7 5
1471811309 1649 168 87 18 7 5
1471811322 1649 168 88 18 7 5
1472127856 1650 168 88 18 7 5
1472217834 1651 168 88 18 7 5
1472229042 1652 168 88 18 7 5
1472391643 1653 168 88 18 7 5
1472476119 1654 168 88 18 7 5
1472479585 1655 168 88 18 7 5
1472488340 1656 168 88 18 7 5
1472522478 1657 168 88 18 7 5
1472561092 1658 168 88 18 7 5
1472563558 1659 168 88 18 7 5
1472582291 1660 168 88 18 7 5
1472595689 1661 168 88 18 7 5
1472601506 1662 168 88 18 7 5
1472658057 1663 168 88 18 7 5
1472664111 1664 168 88 18 7 5
1472675020 1665 168 88 18 7 5
1472838331 1666 168 88 18 7 5
1472924613 1667 168 88 18 7 5
1472928366 1668 168 88 18 7 5
1472930073 1669 168 88 18 7 5
1473027707 1670 168 88 18 7 5
1473034671 1671 168 88 18 7 5
1473077505 1672 168 88 18 7 5
1473168437 1673 168 88 18 7 5
1473217443 1674 168 88 18 7 5
1473256446 1675 168 88 18 7 5
1473293674 1676 168 88 18 7 5
1473299263 1677 168 88 18 7 5
1473339869 1678 168 88 18 7 5
1473364908 1679 168 88 18 7 5
1473438430 1680 168 88 18 7 5
1473440387 1681 168 88 18 7 5
1473466783 1682 168 88 18 7 5
1473510957 1683 168 88 18 7 5
1473522122 1684 168 88 18 7 5
1473638243 1685 168 88 18 7 5
1473705786 1686 168 88 18 7 5
1473717932 1687 168 88 18 7 5
1473801225 1688 168 88 18 7 5
1473900004 1689 168 88 18 7 5
1473944519 1690 168 88 18 7 5
1473947532 1691 168 88 18 7 5
1473961189 1692 168 88 18 7 5
1473963898 1693 168 88 18 7 5
1474050531 1694 168 88 18 7 5
1474216807 1695 168 88 18 7 5
1474411544 1696 168 88 18 7 5
1474462373 1697 168 88 18 7 5
1474481979 1698 168 88 18 7 5
1474484323 1699 168 88 18 7 5
1474490181 1700 168 88 18 7 5
1474642359 1701 168 88 18 7 5
1474748482 1702 168 88 18 7 5
1474752785 1703 168 88 18 7 5
1474825267 1704 168 88 18 7 5
1474837108 1705 168 88 18 7 5
1474845679 1706 168 88 18 7 5
1475012311 1707 168 88 18 7 5
1475013887 1708 168 88 18 7 5
1475339391 1709 168 88 18 7 5
1475350457 1710 168 88 18 7 5
1475353853 1711 168 88 18 7 5
1475887328 1712 168 88 18 7 5
1475931201 1713 168 88 18 7 5
1476052915 1714 168 88 18 7 5
1476062258 1715 168 88 18 7 5
1476137041 1716 168 88 18 7 5
1476157960 1717 168 88 18 7 5
1476192069 1718 168 88 18 7 5
1476320007 1719 168 88 18 7 5
1476342003 1720 168 88 18 7 5
1476342351 1721 168 88 18 7 5
1476363182 1722 168 88 18 7 5
1476393167 1723 168 88 18 7 5
1476394300 1724 168 88 18 7 5
1476570238 1725 168 88 18 7 5
1478033445 1726 168 88 18 7 5
1478472129 1727 168 88 18 7 5
1478526917 1728 168 88 18 7 5
1479079440 1729 168 88 18 7 5
1483237626 1730 168 88 18 7 5
1483302151 1731 168 88 18 7 5
1483308449 1732 168 88 18 7 5
1483981164 1733 168 88 18 7 5
1484195657 1734 168 88 18 7 5
1484197106 1735 168 88 18 7 5
1485101673 1736 168 88 18 7 5
1485103507 1737 168 88 18 7 5
1485226380 1738 168 88 18 7 5
1485286171 1739 168 88 18 7 5
1485297206 1739 168 89 18 7 5
1485364539 1740 168 89 18 7 5
1485399629 1741 168 89 18 7 5
1485403765 1742 168 89 18 7 5
1485525925 1743 168 89 18 7 5
1485528535 1744 168 89 18 7 5
1485530501 1745 168 89 18 7 5
1485795809 1746 168 89 18 7 5
1485889130 1747 168 89 18 7 5
1486052534 1748 168 89 18 7 5
1486063911 1749 168 89 18 7 5
1486247544 1750 168 89 18 7 5
1486341809 1751 168 89 18 7 5
1486404172 1752 168 89 18 7 5
1486423985 1753 168 89 18 7 5
1486426269 1754 168 89 18 7 5
1486489813 1755 168 89 18 7 5
1486584820 1756 168 89 18 7 5
1486791452 1757 168 89 18 7 5
1486927949 1758 168 89 18 7 5
1486942846 1759 168 89 18 7 5
1487020377 1760 168 89 18 7 5
1487026616 1761 168 89 18 7 5
1487068526 1762 168 89 18 7 5
1487070941 1763 168 89 18 7 5
1487072688 1764 168 89 18 7 5
1487186215 1765 168 89 18 7 5
1487196205 1766 168 89 18 7 5
1487268327 1767 168 89 18 7 5
1487384099 1768 168 89 18 7 5
1487390851 1769 168 89 18 7 5
1487440040 1770 168 89 18 7 5
1487610314 1771 168 89 18 7 5
1487614056 1772 168 89 18 7 5
1487615110 1773 168 89 18 7 5
1487615212 1774 168 89 18 7 5
1487616223 1775 168 89 18 7 5
1487696892 1776 168 89 18 7 5
1487729923 1777 168 89 18 7 5
1487784520 1778 168 89 18 7 5
1487796980 1779 168 89 18 7 5
1487823281 1780 168 89 18 7 5
1487858352 1781 168 89 18 7 5
1488122595 1782 168 89 18 7 5
1488167363 1783 168 89 18 7 5
1488231739 1784 168 89 18 7 5
1488330098 1785 168 89 18 7 5
1488340527 1786 168 89 18 7 5
1488349490 1787 168 89 18 7 5
1488583119 1788 168 89 18 7 5
1488674818 1789 168 89 18 7 5
1488739050 1790 168 89 18 7 5
1488811139 1791 168 89 18 7 5
1488814039 1792 168 89 18 7 5
1488815099 1793 168 89 18 7 5
1488906896 1794 168 89 18 7 5
1488993633 1795 168 89 18 7 5
1489020051 1796 168 89 18 7 5
1489155967 1797 168 89 18 7 5
1489178536 1798 168 89 18 7 5
1489370546 1799 168 89 18 7 5
1489446200 1800 168 89 18 7 5
1489803214 1801 168 89 18 7 5
1489805284 1802 168 89 18 7 5
1489805557 1803 168 89 18 7 5
1490024103 1804 168 89 18 7 5
1490222100 1805 168 89 18 7 5
1490275524 1806 168 89 18 7 5
1490287766 1807 168 89 18 7 5
1490358491 1808 168 89 18 7 5
1490371828 1809 168 89 18 7 5
1490483918 1810 168 89 18 7 5
1490491614 1811 168 89 18 7 5
1490579200 1812 168 89 18 7 5
1490660772 1813 168 89 18 7 5
1490719567 1814 168 89 18 7 5
1490734853 1815 168 89 18 7 5
1490819221 1816 168 89 18 7 5
1490995874 1817 168 89 18 7 5
1491018820 1818 168 89 18 7 5
1491061790 1819 168 89 18 7 5
1491160136 1820 168 89 18 7 5
1491162628 1821 168 89 18 7 5
1491162745 1822 168 89 18 7 5
1491164312 1823 168 89 18 7 5
1491168937 1824 168 89 18 7 5
1491258218 1825 168 89 18 7 5
1491617062 1826 168 89 18 7 5
1491669222 1827 168 89 18 7 5
1491755215 1828 168 89 18 7 5
1491958928 1829 168 89 18 7 5
1491961493 1830 168 89 18 7 5
1492005898 1831 168 89 18 7 5
1492131947 1832 168 89 18 7 5
1492134927 1833 168 89 18 7 5
1492176767 1834 168 89 18 7 5
1492219759 1835 168 89 18 7 5
1492535649 1836 168 89 18 7 5
1492887193 1837 168 89 18 7 5
1492890144 1838 168 89 18 7 5
1492890428 1839 168 89 18 7 5
1493227073 1840 168 89 18 7 5
1493228525 1841 168 89 18 7 5
1494603833 1842 168 89 18 7 5
1494686149 1843 168 89 18 7 5
1494688060 1844 168 89 18 7 5
1494779938 1845 168 89 18 7 5
1494781017 1846 168 89 18 7 5
1494872108 1847 168 89 18 7 5
1494873193 1848 168 89 18 7 5
1494873357 1849 168 89 18 7 5
1494875463 1850 168 89 18 7 5
1495472714 1851 168 89 18 7 5
1495551714 1852 168 89 18 7 5
1495554841 1853 168 89 18 7 5
1495987672 1854 168 89 18 7 5
1495999222 1855 168 89 18 7 5
1495999811 1856 168 89 18 7 5
1496000838 1857 168 89 18 7 5
1496002017 1858 168 89 18 7 5
1496079851 1859 168 89 18 7 5
1496081479 1860 168 89 18 7 5
1496147479 1861 168 89 18 7 5
1496150762 1862 168 89 18 7 5
1496152070 1863 168 89 18 7 5
1496154578 1864 168 89 18 7 5
1496240269 1865 168 89 18 7 5
1496409407 1866 168 89 18 7 5
1496682450 1867 168 89 18 7 5
1496683638 1868 168 89 18 7 5
1497027859 1869 168 89 18 7 5
1497114725 1870 168 89 18 7 5
1498770682 1870 168 90 18 7 5
1498831726 1871 168 90 18 7 5
1498833887 1872 168 90 18 7 5
1498836001 1873 168 90 18 7 5
1498838438 1874 168 90 18 7 5
1498977406 1874 168 91 18 7 5
